33:        -7.665810e-01         1.000000e-08        -6.861301e-01   0.0        -4.919151e+00
34:        -7.665810e-01        -6.861301e-01        -9.483579e-09   0.0        -4.919151e+00
35:        -1.466090e-01         8.186261e-09         7.614431e-01   0.0         1.869899e+00
...
198:        -9.508926e-06        -7.645016e-04        -4.052522e-06   0.0        -3.901955e-03
199:        -9.508926e-06        -4.052492e-06        -1.027747e-03   0.0        -2.707480e-03


34:        -3.669962e-01         1.000000e-08        -3.480438e-01   0.0        -1.925367e+00
35:        -3.669962e-01        -3.480438e-01        -5.802677e-08   0.0        -1.925367e+00
36:        -3.669962e-01        -6.494056e-08         4.887984e-01   0.0        -2.552561e-01
...
198:        -7.191920e-03         2.587894e-05         9.706667e-05   0.0        -1.881421e-02
199:        -7.191920e-03         9.706667e-05         3.478998e-05   0.0        -1.885464e-02


35:         1.312227e-01         1.000000e-08         7.614431e-01   0.0         2.810689e+00
36:         1.312227e-01         7.614431e-01        -1.404416e-08   0.0         2.810689e+00
37:         1.267929e-01        -3.570058e-09         6.058272e-01   0.0         2.728158e+00
...
198:         8.510986e-06        -7.645016e-04        -4.052522e-06   0.0        -3.840936e-03
199:         8.510986e-06        -4.052492e-06        -1.027747e-03   0.0        -2.646461e-03